image: home.pgm
resolution: 0.050000
origin: [-1.858253, -4.183291, 0.000000]
negate: 0
occupied_thresh: 0.65
free_thresh: 0.196

