image: map_704.pgm
resolution: 0.050000
origin: [-2.263378, -3.466006, 0.000000]
negate: 0
occupied_thresh: 0.65
free_thresh: 0.196

