image: map_406.pgm
resolution: 0.050000
origin: [-6.755032, -2.349139, 0.000000]
negate: 0
occupied_thresh: 0.65
free_thresh: 0.196

